3870 46000 47000 49000 48000 45000
54501 46000 47000 49000 47000 45000
122576 48000 48000 50000 48000 45000
173296 48000 49000 51000 49000 46000
223940 48000 49000 51000 49000 46000
274490 49000 49000 51000 49000 46000
325342 49000 49000 51000 49000 46000
376037 49000 49000 52000 50000 46000
426679 49000 50000 52000 50000 46000
477406 49000 50000 52000 50000 46000
528106 50000 50000 52000 50000 46000
578749 50000 50000 52000 50000 46000
629424 50000 50000 52000 50000 47000
680057 50000 50000 52000 50000 47000
730694 50000 50000 52000 50000 47000
781459 50000 50000 52000 50000 47000
832020 50000 50000 52000 51000 47000
882459 50000 50000 52000 51000 47000
933076 50000 50000 52000 51000 47000
1041632 50000 50000 53000 51000 47000
1092247 50000 51000 53000 51000 47000
1152829 50000 51000 53000 50000 47000
1203380 50000 51000 53000 51000 47000
1253941 50000 51000 53000 50000 47000
1304479 50000 51000 53000 51000 47000
1355009 50000 51000 53000 51000 47000
1405543 50000 51000 53000 51000 47000
1456062 50000 51000 53000 51000 47000
1506700 50000 51000 53000 50000 46000
1557322 50000 51000 53000 50000 46000
1607835 49000 51000 53000 50000 46000
1658362 49000 51000 53000 50000 46000
1708887 49000 51000 53000 50000 46000
1759398 49000 51000 53000 50000 46000
1809902 49000 51000 53000 50000 46000
1860405 49000 51000 53000 51000 46000
1910901 49000 51000 53000 50000 46000
1961401 49000 51000 53000 50000 46000
2011948 49000 51000 53000 50000 46000
2062457 49000 51000 53000 50000 46000
2113042 49000 51000 53000 50000 46000
2163543 49000 51000 53000 50000 46000
2214088 49000 51000 53000 50000 46000
2264593 49000 51000 53000 50000 46000
2315096 49000 51000 53000 50000 46000
2365597 49000 51000 53000 50000 46000
2416097 49000 51000 53000 50000 46000
2466595 49000 51000 53000 50000 46000
2517306 49000 51000 53000 51000 46000
2567838 49000 51000 53000 50000 46000
2618344 49000 51000 53000 50000 46000
2668861 49000 51000 53000 50000 46000
2719366 49000 51000 53000 50000 46000
2769870 49000 51000 53000 50000 46000
2820373 49000 51000 53000 50000 46000
2870873 49000 51000 53000 50000 46000
2921374 49000 51000 53000 51000 46000
2971876 49000 51000 53000 51000 46000
3022409 49000 51000 53000 50000 46000
3072987 49000 51000 53000 50000 46000
3123492 49000 51000 53000 50000 46000
3173991 49000 51000 53000 51000 46000
3224494 49000 51000 53000 50000 46000
3275025 49000 51000 53000 50000 46000
3325524 49000 51000 53000 50000 46000
3376022 49000 51000 53000 51000 46000
3426521 49000 51000 53000 50000 46000
3477097 49000 51000 53000 50000 46000
3527734 49000 51000 53000 50000 46000
3578263 49000 51000 53000 51000 46000
3628773 49000 51000 53000 51000 46000
3679282 49000 51000 53000 50000 46000
3729805 49000 51000 53000 50000 46000
3780433 49000 51000 53000 50000 46000
3830954 50000 51000 53000 51000 46000
3881466 49000 51000 53000 51000 46000
3931970 49000 51000 53000 50000 46000
3982480 49000 51000 53000 51000 46000
4033123 49000 51000 53000 51000 46000
4083636 49000 51000 53000 51000 46000
4134138 49000 51000 53000 51000 46000
4184640 49000 51000 53000 51000 46000
4235155 49000 51000 53000 50000 46000
4285658 49000 51000 53000 51000 46000
4336187 49000 51000 53000 51000 46000
4386685 49000 51000 53000 50000 46000
4437261 49000 51000 53000 51000 46000
4487766 49000 51000 53000 51000 46000
4538390 49000 51000 53000 50000 46000
4589001 49000 51000 53000 51000 46000
4639516 49000 51000 53000 51000 46000
4690037 49000 51000 53000 51000 46000
4740544 49000 51000 53000 51000 46000
4791071 50000 51000 53000 51000 46000
4841578 50000 51000 53000 50000 46000
4892077 49000 51000 53000 51000 46000
4942577 50000 51000 53000 51000 46000
4993158 50000 51000 53000 50000 46000
5043737 50000 51000 53000 51000 46000
5094247 50000 51000 53000 51000 46000
5144748 49000 51000 53000 51000 46000
5195248 49000 51000 53000 51000 46000
5245749 50000 51000 53000 51000 47000
5297869 49000 50000 52000 50000 46000
5349893 49000 50000 51000 50000 47000
