3763 45000 47000 48000 48000 44000
54541 46000 47000 49000 47000 45000
121756 48000 48000 50000 48000 45000
172384 48000 49000 50000 48000 45000
223038 48000 49000 51000 49000 45000
273684 49000 49000 51000 49000 46000
324428 49000 49000 51000 49000 46000
375090 49000 49000 51000 50000 46000
425875 49000 50000 52000 50000 46000
476501 49000 50000 52000 50000 46000
527128 49000 50000 52000 50000 46000
577926 50000 50000 52000 50000 46000
628502 50000 50000 52000 50000 46000
679144 50000 50000 52000 50000 47000
729898 50000 50000 52000 50000 47000
780549 50000 50000 52000 50000 47000
831010 50000 50000 52000 51000 47000
881445 50000 50000 52000 51000 47000
936624 50000 50000 52000 51000 47000
987194 50000 50000 53000 51000 47000
1037769 50000 50000 53000 51000 47000
1088335 50000 50000 53000 51000 47000
1138847 50000 50000 53000 50000 47000
1189451 50000 50000 52000 51000 46000
1240025 50000 50000 52000 51000 46000
1290563 50000 51000 53000 51000 46000
1341111 50000 51000 53000 51000 46000
1391731 50000 51000 53000 51000 46000
1442255 50000 51000 53000 50000 46000
1492784 49000 51000 53000 50000 46000
1543308 49000 51000 53000 50000 46000
1593913 49000 50000 53000 50000 46000
1644427 49000 50000 53000 50000 46000
1694967 49000 51000 53000 50000 46000
1745751 49000 51000 53000 50000 46000
1796398 49000 51000 53000 50000 46000
1846927 49000 51000 53000 50000 46000
1897474 49000 51000 53000 50000 46000
1947992 49000 51000 53000 50000 46000
1998499 49000 51000 53000 50000 46000
2049004 49000 51000 53000 50000 46000
2099508 49000 51000 53000 50000 46000
2150044 49000 51000 53000 50000 46000
2200552 49000 51000 53000 50000 46000
2251109 49000 51000 53000 50000 46000
2301696 49000 51000 53000 50000 46000
2352205 49000 51000 53000 50000 46000
2402711 49000 51000 53000 50000 46000
2453208 49000 51000 53000 50000 46000
2503709 49000 51000 53000 50000 46000
2554212 49000 51000 53000 50000 46000
2604713 49000 51000 53000 50000 46000
2655215 49000 51000 53000 50000 46000
2705847 49000 51000 53000 50000 46000
2756471 49000 51000 53000 50000 46000
2807000 49000 51000 53000 50000 46000
2857578 49000 51000 53000 50000 46000
2908081 49000 51000 53000 50000 46000
2958581 49000 51000 53000 50000 46000
3009113 49000 51000 53000 50000 46000
3059642 49000 51000 53000 50000 46000
3110242 49000 51000 53000 50000 46000
3160761 49000 51000 53000 50000 46000
3211300 49000 51000 53000 50000 46000
3261907 49000 51000 53000 50000 46000
3312422 49000 51000 53000 50000 46000
3362927 49000 51000 53000 50000 46000
3413441 49000 51000 53000 50000 46000
3463943 49000 51000 53000 50000 46000
3514444 49000 51000 53000 50000 46000
3564946 49000 51000 53000 50000 46000
3615447 49000 51000 53000 50000 46000
3665963 49000 51000 53000 50000 46000
3716590 49000 51000 53000 50000 46000
3767128 49000 51000 53000 50000 46000
3817720 49000 51000 53000 51000 46000
3868228 49000 51000 53000 50000 46000
3918733 49000 51000 53000 50000 46000
3969238 49000 51000 53000 50000 46000
4019734 49000 51000 53000 50000 46000
4070229 49000 51000 53000 50000 46000
4120726 50000 51000 53000 50000 46000
4171222 49000 51000 53000 50000 46000
4221844 49000 51000 53000 50000 46000
4272384 49000 51000 53000 50000 46000
4322903 49000 51000 53000 50000 46000
4373425 49000 51000 53000 50000 46000
4423935 49000 51000 53000 50000 46000
4474474 49000 51000 53000 50000 46000
4524975 49000 51000 53000 50000 46000
4575480 49000 51000 53000 50000 46000
4625985 49000 51000 53000 50000 46000
4676492 49000 51000 53000 50000 46000
4727120 49000 51000 53000 51000 46000
4777737 49000 51000 53000 51000 46000
4828255 49000 51000 53000 51000 46000
4878760 49000 51000 53000 51000 46000
4929268 49000 51000 53000 50000 46000
4979777 49000 51000 53000 50000 46000
5030280 49000 51000 53000 51000 46000
5080782 49000 51000 53000 51000 46000
5131278 49000 51000 53000 51000 46000
5181854 49000 51000 53000 51000 46000
5232394 49000 51000 53000 51000 46000
5283698 49000 51000 52000 50000 46000
5335694 49000 51000 51000 49000 46000
5387557 48000 51000 51000 49000 46000
